32.8,43.6,48.4,46.8,51.4,53.6,53.6,51,46.6,49.375,32.2,25,61,403,558,599,510,600,529,606,512,539.625,60,41,63.7,42
32.4,42.6,45,47.2,46.8,46,47.6,37.2,44.4,44.6,31.8,25,61,602,374,600,391,603,394,600,407,496.375,60,41,63.5,41.5
32.6,48.7,45.6,48.2,51.1,43.6,44.3,51.8,45.3,47.325,34.8,24.4,60.5,516,529,520,519,526,515,533,534,524,60,41,62.5,42
34.2,51.1,51.7,50.1,52.3,55.4,54.6,52.3,52.1,52.45,35.9,24.1,62.3,525,529,523,523,530,515,528,530,525.375,60,41,62.2,42
36.1,52.3,53.8,52.8,52.8,54.2,55.2,52.5,52.4,53.25,35.8,24.5,62.3,521,527,519,519,520,512,525,530,521.625,60,41,62.5,42
34,51.9,52.7,55.1,55.1,54,53.4,56.3,50.1,53.575,36,24.1,61.4,521,528,522,523,527,517,526,531,524.375,60,41,63,42
35.6,46.8,51.9,47,51.7,52.2,47.8,53.8,41.1,49.0375,33.9,24,53,584,467,462,407,470,488,595,550,502.875,60,41,63.7,42
35.6,45.8,51.2,55.6,55.1,46.3,58.8,54.8,41.8,51.175,34.2,24.9,54,606,374,598,400,606,376,602,418,497.5,60,41,63,42
36.7,47.1,52.1,56.4,56.6,58.9,57.3,46.8,49.3,53.0625,36.1,26,62,543,394,547,416,543,390,534,433,475,60,41,62.3,42
36.1,49.5,44.3,55,59.1,57.2,46.4,44,42,49.6875,34.3,25.5,62,584,492,567,423,485,435,592,558,517,60,41,63,42
26.9,34.3,34.2,35.2,31.8,40.8,39,35.8,40.2,36.4125,39.7,24.6,67,467,460,460,463,466,456,464,493,466.125,60,41,63.5,41.5
30.8,37.7,31.6,43.2,35.9,37.1,46.9,38.9,40.5,38.975,29.6,24.4,64,470,460,462,466,468,459,466,495,468.25,60,41,63.5,42
40.5,43.8,40.9,41.3,43.6,45.5,46.6,48.3,49.5,44.9375,32.2,24,64,463,457,462,464,453,463,462,490,464.25,60,41,62.4,42
43.8,49.2,48.7,48.7,52.6,51.9,50.2,51.8,53.2,50.7875,35,24,64,466,459,459,460,463,462,463,493,465.625,60,41,63,42
38.7,45.5,55.6,53.8,42.8,54.6,47.1,45.7,49.2,49.2875,30.8,24.7,66,523,357,508,385,511,371,501,420,447,60,41,58.9,40.5
29.8,48.2,50.4,48.9,52.7,51.2,52.3,49.8,49.4,50.3625,29.7,24.7,66,474,460,479,464,483,471,466,477,471.75,60,41,58,40.3
41.2,51.7,56.3,53.8,60.1,57.2,58.3,52.9,51.5,55.225,31.6,25.3,64,473,473,470,471,473,476,466,471,471.625,60,41,61,40
40.7,60.8,61.9,63.3,62.2,61,60.6,57.3,57.5,60.575,31.1,25.4,64.5,476,474,474,475,469,478,470,479,474.375,60,41,61.3,40.1
35.8,56.3,58.9,53.1,55,53.2,53.8,55.8,56.3,55.3,35.3,23.6,64.3,427,418,420,424,424,424,443,438,427.25,60,41,61,40.3
34.8,55.2,54.2,56.3,57,58.1,59.1,53.8,59.6,56.6625,34.5,23.5,64.1,427,415,418,424,423,427,413,438,423.125,60,41,62.1,40.3
33.8,56.8,53.8,54.4,59.3,57.3,55.8,58.3,55.3,56.375,35.6,23.6,64.3,426,413,416,424,423,413,413,438,420.75,60,41,62.2,40.3
35.3,56.1,64.4,54.3,58.3,56.3,56.8,59.3,56.3,57.725,34.3,23.7,64.3,426,413,419,426,424,424,412,438,422.75,60,41,61,40.3
38.7,45.5,55.6,53.8,42.8,54.6,47.1,45.7,49.2,49.2875,30.8,24,60,521,350,523,376,528,384,503,401,448.25,60,41,58,40.5
37.2,56.5,54.4,55.1,62,66.5,53,51.1,46.4,55.625,35.3,34.5,54,548,448,530,418,437,374,636,504,486.875,60,41,58.1,40.5